1 800 1280
451.5416564941406 280.64007568359375
494.4476318359375 314.7497253417969
535.5842895507812 344.9595642089844
576.2314453125 373.59808349609375
613.2127075195312 400.8755187988281
648.351806640625 426.4715576171875
682.437255859375 450.84271240234375
715.3869018554688 473.56561279296875
432.7588806152344 325.04290771484375
479.4547424316406 356.3994140625
522.2753295898438 387.2830505371094
564.5983276367188 415.2001647949219
602.875 442.91326904296875
639.5901489257812 467.53326416015625
675.0440063476562 491.47308349609375
709.4005126953125 513.9330444335938
414.9721984863281 369.3060607910156
463.173095703125 403.9697265625
508.16778564453125 432.31744384765625
551.693115234375 460.111328125
592.2640380859375 486.8079833984375
630.306640625 511.78863525390625
667.5713500976562 534.9819946289062
702.0419311523438 556.989013671875
393.0028991699219 421.86676025390625
442.0 445.0
492.10162353515625 479.2738037109375
538.1317749023438 508.2963562011719
580.8788452148438 535.3531494140625
619.8594360351562 558.7213134765625
658.3400268554688 582.095458984375
691.0 597.0