1 800 1280
568.0 277.0
608.8628540039062 305.068115234375
647.527099609375 337.822021484375
683.8599853515625 369.057861328125
717.99169921875 398.4545593261719
750.2859497070312 426.1517028808594
780.8406372070312 452.3653259277344
802.0 477.0
527.156494140625 311.7876281738281
568.97314453125 344.6560974121094
608.5389404296875 375.64508056640625
645.398681640625 404.9471740722656
680.2237548828125 433.0393371582031
712.9381103515625 458.6163024902344
744.2554321289062 484.1535339355469
773.9502563476562 507.9019775390625
487.9028015136719 351.7079162597656
530.8920288085938 382.6891784667969
570.3436279296875 411.9442138671875
607.8696899414062 439.5966796875
643.6817016601562 466.5406799316406
676.9580078125 490.93060302734375
708.7116088867188 514.89306640625
738.8272094726562 537.7369995117188
450.19354248046875 390.4496154785156
493.2680358886719 419.14801025390625
533.7677001953125 447.0967712402344
571.66015625 473.5482482910156
608.1095581054688 499.21295166015625
641.6790771484375 522.1260375976562
673.7268676757812 544.7407836914062
704.386474609375 566.6249389648438