1 800 1280
814.2758178710938 120.19243621826172
802.4209594726562 183.17855834960938
793.7684936523438 241.50970458984375
786.2324829101562 296.4544982910156
778.0882568359375 346.7151184082031
770.9097290039062 393.2539978027344
764.78271484375 437.1877136230469
759.0880737304688 478.17919921875
744.4605712890625 119.88623809814453
739.7379760742188 185.45860290527344
731.809814453125 243.25588989257812
726.7407836914062 298.74176025390625
721.2783203125 348.69775390625
716.4859619140625 395.4681091308594
711.850341796875 439.3502502441406
708.221923828125 481.1158447265625
678.6710205078125 121.29302215576172
672.7687377929688 185.98300170898438
669.9620361328125 244.5864715576172
667.0358276367188 300.05224609375
663.8722534179688 350.855224609375
661.0750732421875 397.520751953125
658.7317504882812 442.14727783203125
656.43505859375 482.824462890625
606.9929809570312 121.63325500488281
608.1847534179688 186.52455139160156
606.759033203125 245.9043731689453
606.024169921875 301.5118103027344
605.41455078125 353.02679443359375
605.070556640625 399.37994384765625
604.702392578125 443.68792724609375
604.123779296875 485.00732421875