1 800 1280
643.0919799804688 553.7540893554688
675.1278686523438 528.3138427734375
707.9395751953125 502.27484130859375
741.0 482.0
782.0 449.0
811.5164184570312 420.007080078125
854.0 391.0
885.914794921875 361.135498046875
669.700439453125 588.0347290039062
702.2108154296875 563.2272338867188
735.6607055664062 537.1268920898438
769.64453125 511.1651611328125
805.0060424804688 483.9079895019531
841.4141845703125 456.1366271972656
878.2844848632812 427.3045959472656
917.3028564453125 398.4872131347656
696.5560302734375 622.9313354492188
729.8402099609375 597.630859375
764.0010375976562 572.48974609375
798.648681640625 546.5848999023438
834.3850708007812 520.0203247070312
871.3612670898438 492.1057434082031
909.3109130859375 464.20062255859375
948.5067138671875 435.1487121582031
724.30126953125 657.74951171875
757.8491821289062 633.323974609375
792.5646362304688 607.8761596679688
828.0372924804688 582.7918090820312
864.6905517578125 556.248779296875
902.1375732421875 529.3194580078125
940.7369384765625 501.3696594238281
980.9559326171875 473.6310729980469