1 800 1280
476.0 502.0
491.8523254394531 465.6591796875
518.1109619140625 423.29345703125
545.3909301757812 379.9753112792969
574.8240966796875 333.2663879394531
606.416748046875 283.6115417480469
639.6813354492188 233.17953491210938
677.0 182.0
516.8443603515625 522.3401489257812
541.9091796875 484.2803955078125
568.8568115234375 442.8038330078125
597.0643310546875 400.947509765625
627.4228515625 356.2289733886719
658.8812255859375 308.5990295410156
691.5684204101562 259.50634765625
728.679931640625 207.9518585205078
563.8999633789062 538.535400390625
589.7285766601562 500.3055419921875
617.2323608398438 461.3852233886719
646.0674438476562 420.6034240722656
676.7867431640625 378.06207275390625
708.71044921875 332.0155029296875
743.3965454101562 285.07586669921875
779.1279296875 233.75350952148438
608.9586791992188 552.8502197265625
634.8368530273438 516.6842651367188
663.2286987304688 478.5423889160156
692.53369140625 439.5722961425781
724.2319946289062 398.45660400390625
756.5344848632812 354.24285888671875
790.5964965820312 308.5875549316406
828.6253051757812 261.7569885253906