1 800 1280
492.56988525390625 475.44781494140625
515.3802490234375 429.802978515625
539.5448608398438 382.4390869140625
568.0 341.0
597.0 283.0
619.0 241.0
650.0 181.0
670.396240234375 129.63636779785156
532.5949096679688 481.1806640625
555.0618286132812 437.56591796875
577.8792114257812 392.30767822265625
602.10107421875 346.7032470703125
627.2006225585938 299.82415771484375
652.6353759765625 251.6680450439453
679.2789306640625 202.25448608398438
706.9563598632812 151.35682678222656
568.8143920898438 486.5682678222656
590.6488037109375 443.7944641113281
613.2988891601562 400.89019775390625
636.571044921875 357.3861389160156
661.5850830078125 312.6994323730469
685.95361328125 266.2301025390625
712.1471557617188 219.9681396484375
738.6674194335938 170.73553466796875
602.1515502929688 490.7599792480469
623.2478637695312 450.26824951171875
645.4307861328125 408.7903137207031
668.4149780273438 367.1512451171875
692.8240356445312 324.3885192871094
716.5081787109375 280.1161804199219
741.3320922851562 235.1278839111328
768.3339233398438 189.64830017089844