1 800 1280
607.3284912109375 192.35775756835938
609.1737060546875 251.0789337158203
612.3336791992188 308.6579284667969
615.8601684570312 364.8363342285156
618.5089721679688 419.7640686035156
621.49267578125 472.6474914550781
624.713623046875 524.9130249023438
628.3893432617188 575.671142578125
549.7657470703125 194.57493591308594
554.6468505859375 255.67120361328125
558.0751342773438 314.2116394042969
562.6082763671875 371.7800598144531
566.0604858398438 427.5515441894531
570.136962890625 481.42193603515625
573.9003295898438 534.5086669921875
578.3070678710938 586.7322387695312
492.62158203125 197.80960083007812
496.88873291015625 259.6362609863281
501.5638122558594 320.01220703125
506.6185302734375 378.7183837890625
511.4200134277344 435.7519836425781
515.7455444335938 490.78704833984375
521.0717163085938 545.207275390625
525.736083984375 597.565673828125
434.0 205.0
441.0 259.0
448.0 331.0
448.7378845214844 386.24285888671875
453.8172607421875 444.56536865234375
459.414794921875 500.28515625
465.0546569824219 555.6702270507812
477.0 601.0