1 800 1280
451.058349609375 540.7593994140625
465.162841796875 493.5447998046875
479.39813232421875 444.55889892578125
494.1546936035156 394.98114013671875
510.01690673828125 342.5438232421875
526.4963989257812 288.154541015625
543.8199462890625 232.91629028320312
561.2039794921875 173.23892211914062
502.57305908203125 546.7471923828125
516.5784912109375 501.2582092285156
531.5 453.33343505859375
546.9453735351562 404.84820556640625
563.487548828125 353.9765625
580.138671875 301.4410095214844
597.8773803710938 246.80215454101562
616.8307495117188 190.75613403320312
550.994873046875 552.916015625
565.5615234375 507.3646545410156
580.9981689453125 461.3708801269531
596.9013671875 413.81341552734375
614.0498657226562 364.8283996582031
631.1452026367188 313.2763671875
649.5347290039062 260.7469482421875
668.0193481445312 205.94387817382812
597.3391723632812 557.6062622070312
612.1362915039062 513.947021484375
628.13427734375 468.5730285644531
644.6971435546875 422.70977783203125
662.4313354492188 374.82373046875
679.6924438476562 324.76239013671875
698.0493774414062 273.9710693359375
718.598388671875 221.68617248535156