1 800 1280
512.0 434.0
539.4112548828125 400.227294921875
576.4977416992188 364.9249267578125
614.6145629882812 328.21795654296875
656.6782836914062 289.00213623046875
699.5091552734375 246.76564025878906
747.4059448242188 205.1689910888672
794.4557495117188 157.58236694335938
545.3860473632812 469.8714599609375
580.9849853515625 438.00946044921875
618.794921875 403.7148742675781
658.5346069335938 368.5755310058594
700.8892211914062 331.0280456542969
745.4749145507812 291.233642578125
791.227783203125 248.85877990722656
842.060546875 206.9846649169922
585.2293701171875 505.29571533203125
621.865234375 473.588623046875
660.391845703125 441.54486083984375
700.7133178710938 407.5821533203125
743.4946899414062 372.1840515136719
788.8399047851562 333.426025390625
835.8303833007812 296.55987548828125
887.9008178710938 250.60049438476562
624.71435546875 538.6893920898438
661.4197387695312 509.0534362792969
700.73681640625 477.9031066894531
741.72021484375 445.715576171875
785.4339599609375 411.9437255859375
831.4998168945312 375.1641845703125
879.2188720703125 336.69561767578125
932.5363159179688 298.5587463378906