1 800 1280
674.9996948242188 249.72642517089844
687.6312255859375 304.24456787109375
699.8886108398438 358.66961669921875
711.2028198242188 412.567138671875
722.8847045898438 466.88763427734375
734.6573486328125 521.1333618164062
746.1153564453125 575.2901611328125
757.8724365234375 629.4596557617188
635.3424682617188 264.6210021972656
647.4483642578125 316.40716552734375
659.73486328125 368.266357421875
670.7738647460938 420.164794921875
682.2387084960938 472.3674621582031
693.9927978515625 524.0991821289062
704.7738647460938 576.4183349609375
715.7493286132812 628.5104370117188
599.2325439453125 277.03631591796875
611.3380126953125 327.8965759277344
623.0966796875 377.4380798339844
634.2251586914062 427.3101501464844
644.4586791992188 477.4857482910156
656.1495361328125 527.4005126953125
666.3822021484375 577.3466796875
676.9990234375 627.427734375
566.3511352539062 289.3433532714844
578.21875 337.3119201660156
589.3272094726562 385.8921813964844
600.026611328125 433.6445007324219
609.8001098632812 482.28997802734375
621.1812133789062 529.97216796875
631.2882080078125 578.0369262695312
640.791015625 626.2744750976562