1 800 1280
634.5411987304688 151.26173400878906
675.6766357421875 199.3829803466797
714.7227172851562 244.57131958007812
750.0556030273438 288.1434020996094
784.427490234375 327.3731384277344
815.7963256835938 364.4187927246094
843.964111328125 399.5387878417969
872.8147583007812 434.1539306640625
592.568359375 164.92025756835938
635.1884155273438 210.7724151611328
672.894775390625 252.5732879638672
708.541259765625 293.7982177734375
742.2550659179688 330.4603576660156
773.1675415039062 365.68927001953125
802.44775390625 399.6604309082031
829.6343994140625 432.5971374511719
557.4973754882812 176.49620056152344
597.2401733398438 219.665771484375
635.4954833984375 259.44268798828125
670.4520874023438 297.9250793457031
703.482666015625 333.6518249511719
734.6707153320312 367.2276916503906
763.3593139648438 399.6025695800781
791.2825317382812 430.390625
531.0 188.0
564.0269165039062 227.88284301757812
609.0 268.0
636.1695556640625 302.24365234375
668.6525268554688 336.3951416015625
699.2418823242188 367.4815979003906
728.5142211914062 398.7076416015625
755.7067260742188 428.0675354003906