1 800 1280
627.1304321289062 175.72166442871094
635.3164672851562 237.15855407714844
642.7669677734375 299.17779541015625
649.51708984375 359.7912902832031
656.6144409179688 421.0923156738281
663.650146484375 481.97430419921875
670.5352172851562 542.8350219726562
677.4932250976562 603.4854125976562
581.2310180664062 189.61524963378906
588.6336669921875 248.81787109375
597.0601806640625 307.85400390625
603.5338745117188 366.4419250488281
610.4566040039062 425.1775207519531
617.9142456054688 483.3404235839844
623.9393310546875 541.9893188476562
630.4944458007812 600.2041625976562
539.1124267578125 202.31300354003906
547.2705688476562 259.62530517578125
554.6712646484375 316.2994384765625
561.63134765625 372.27142333984375
567.7474975585938 428.845947265625
575.1572265625 485.1834716796875
581.1083984375 540.9491577148438
587.4605102539062 597.3375244140625
500.7880554199219 214.16940307617188
508.60479736328125 268.9593505859375
515.8648071289062 323.93450927734375
522.5065307617188 377.81378173828125
528.24755859375 432.6179504394531
535.7459716796875 486.46673583984375
541.7947998046875 540.32421875
547.101318359375 594.2831420898438