1 800 1280
679.1402587890625 541.650634765625
704.5302734375 501.0439147949219
730.3007202148438 459.3499755859375
755.329345703125 414.4645690917969
783.1649169921875 369.3033447265625
810.8438110351562 322.6112365722656
839.4797973632812 273.858642578125
867.592529296875 222.3407440185547
693.6412963867188 571.5569458007812
720.37841796875 530.3545532226562
747.7353515625 485.10223388671875
774.9356689453125 439.1763000488281
804.3375854492188 391.7276306152344
834.2136840820312 343.2260437011719
864.070556640625 291.5435485839844
894.7207641601562 237.5621337890625
709.9795532226562 604.5159912109375
737.9977416992188 560.2017822265625
767.4324951171875 514.6776733398438
796.4697265625 466.372314453125
827.9693603515625 417.03082275390625
859.6578979492188 365.60015869140625
891.9505004882812 311.09588623046875
925.534423828125 255.26641845703125
728.0 636.0
757.8623657226562 595.1275634765625
789.0543823242188 546.8570556640625
821.1376342773438 496.7830505371094
854.3640747070312 444.85040283203125
889.3025512695312 391.597900390625
924.5682983398438 334.4007873535156
961.4592895507812 275.24530029296875