1 800 1280
555.022705078125 547.64501953125
555.2555541992188 506.430419921875
554.7107543945312 464.072265625
552.240966796875 418.9669189453125
551.9440307617188 372.4013366699219
550.4210815429688 323.6454772949219
548.7116088867188 273.24627685546875
545.489501953125 220.15321350097656
587.4392700195312 565.9493408203125
587.5256958007812 523.41357421875
587.3143310546875 478.80810546875
586.1880493164062 433.2294616699219
586.22119140625 384.5344543457031
585.4631958007812 335.0294189453125
584.1571655273438 282.5467529296875
582.0429077148438 227.78639221191406
621.3104248046875 584.3694458007812
622.0362548828125 540.8925170898438
623.2785034179688 495.4267883300781
622.5283203125 447.7164306640625
623.2056884765625 398.51947021484375
623.3209228515625 346.4664611816406
622.4469604492188 292.8707580566406
621.8380126953125 236.09231567382812
658.2052001953125 604.2496337890625
659.2123413085938 559.687744140625
660.5960083007812 512.602783203125
661.6205444335938 463.7481384277344
662.8463745117188 412.65216064453125
664.6080932617188 359.58673095703125
665.2101440429688 303.06817626953125
665.7410888671875 244.4810333251953