1 800 1280
533.3740234375 339.4594421386719
552.025390625 312.1961364746094
571.51806640625 283.1810607910156
591.3966674804688 250.46446228027344
614.753662109375 215.77645874023438
638.9129028320312 176.8957061767578
665.8308715820312 135.62890625
694.0603637695312 88.85668182373047
563.6181030273438 374.73858642578125
582.9488525390625 348.4024963378906
603.7255859375 319.22296142578125
625.617431640625 288.6638488769531
650.5147094726562 254.388671875
676.6105346679688 217.53834533691406
705.0225830078125 177.84417724609375
735.7721557617188 134.32394409179688
593.7929077148438 409.4708557128906
614.473388671875 383.96295166015625
636.8696899414062 356.7864685058594
660.3882446289062 326.9686279296875
686.628662109375 295.2045593261719
714.8485717773438 259.4826354980469
745.1325073242188 221.3832550048828
778.4920654296875 178.7764892578125
624.9426879882812 444.32562255859375
646.6506958007812 420.6923828125
670.193603515625 394.13055419921875
695.59619140625 366.2632141113281
723.5928955078125 335.3221130371094
754.0186157226562 302.0055236816406
787.0297241210938 264.7010803222656
815.0 225.0