1 800 1280
483.5184020996094 447.42083740234375
507.1191101074219 410.8538513183594
531.7119140625 371.9585876464844
557.6181640625 330.82958984375
586.2890625 285.279052734375
616.6403198242188 237.41197204589844
649.568359375 185.03524780273438
684.6834106445312 129.3671417236328
531.2203979492188 474.4298400878906
556.0257568359375 439.22674560546875
581.66552734375 401.0926513671875
609.5601196289062 361.5413818359375
639.4389038085938 317.3769226074219
671.2888793945312 271.0428466796875
705.9664306640625 221.5507049560547
743.428955078125 167.69699096679688
577.5389404296875 500.4461975097656
603.2327270507812 466.2816467285156
630.7238159179688 429.5026550292969
659.6284790039062 390.8414306640625
691.2565307617188 349.0647888183594
724.8411865234375 304.4422607421875
760.8974609375 256.22747802734375
800.3008422851562 204.82672119140625
622.7367553710938 525.3104858398438
649.8817138671875 492.9143981933594
678.4208984375 457.3955993652344
709.04443359375 420.2478942871094
741.8927612304688 379.6706237792969
776.8700561523438 336.5043029785156
815.4310913085938 290.2156677246094
851.0 241.0