1 800 1280
522.2896118164062 541.46728515625
520.1888427734375 500.9186096191406
517.312255859375 457.9183654785156
513.7509765625 413.23388671875
510.6617736816406 363.866943359375
506.99139404296875 312.2152404785156
502.8182678222656 256.694091796875
498.0195007324219 197.5169219970703
572.7086181640625 546.423828125
571.5847778320312 505.4595642089844
570.3309326171875 462.2272644042969
568.4459228515625 417.2977294921875
567.0214233398438 367.6533203125
565.028564453125 316.08123779296875
563.3661499023438 260.58111572265625
560.5886840820312 201.22076416015625
622.985107421875 550.7072143554688
623.1715087890625 509.908203125
623.630615234375 466.40771484375
623.5887451171875 421.1123352050781
623.7691650390625 371.8394775390625
624.283935546875 319.9259033203125
623.9082641601562 264.33941650390625
624.1927490234375 204.7034912109375
673.5300903320312 554.8832397460938
675.5343627929688 514.4749755859375
677.4115600585938 470.9935302734375
679.3556518554688 425.21026611328125
681.482666015625 376.0817565917969
683.5947875976562 323.7845764160156
686.1717529296875 267.5475158691406
688.5833740234375 207.50564575195312