1 800 1280
466.5970764160156 557.9258422851562
478.30804443359375 521.3743286132812
489.753662109375 483.63494873046875
500.81695556640625 444.31219482421875
513.7317504882812 402.57696533203125
526.4103393554688 358.83367919921875
540.0160522460938 313.3943786621094
552.6481323242188 265.0149841308594
504.38409423828125 581.0447998046875
516.5313110351562 544.8902587890625
528.8560180664062 506.2605285644531
541.4031982421875 467.01922607421875
555.1583251953125 424.6090393066406
569.0731201171875 381.7031555175781
583.5205078125 335.5285949707031
598.05908203125 287.62896728515625
542.578857421875 604.5262451171875
555.4634399414062 567.6627197265625
569.8978271484375 530.273193359375
582.7440795898438 489.85784912109375
597.98779296875 448.4803161621094
613.0426025390625 404.41845703125
628.5621948242188 359.1331787109375
644.8980102539062 310.44818115234375
581.8435668945312 627.8577270507812
595.6652221679688 591.7847290039062
610.5319213867188 553.5731201171875
625.7525024414062 514.11279296875
641.6588745117188 471.8743591308594
658.4937744140625 428.5574035644531
675.73095703125 382.1368713378906
693.8152465820312 333.88018798828125