1 800 1280
767.2224731445312 223.8231964111328
763.2073974609375 280.43115234375
758.4752197265625 338.765625
752.9888305664062 396.5633850097656
747.4947509765625 456.35845947265625
742.16455078125 517.0341796875
736.4563598632812 578.6788330078125
730.7987670898438 641.6580200195312
732.6428833007812 236.6253662109375
728.2057495117188 290.7325134277344
724.435302734375 345.62738037109375
719.0883178710938 400.67022705078125
713.666015625 457.30853271484375
709.11328125 514.522216796875
702.69384765625 572.8553466796875
696.8310546875 632.54931640625
701.7166748046875 248.1083984375
698.4058837890625 299.9560852050781
693.9645385742188 352.13818359375
689.2057495117188 404.45867919921875
683.084716796875 457.9700927734375
678.757568359375 512.6693115234375
672.6865234375 567.9390258789062
666.6686401367188 623.9053344726562
674.5806884765625 259.14404296875
671.1674194335938 308.08746337890625
666.7076416015625 358.0019226074219
661.7352294921875 407.6631164550781
655.6762084960938 459.0096130371094
651.5535888671875 510.6728820800781
645.9959716796875 562.979248046875
639.3839721679688 616.3233032226562