1 800 1280
657.0150756835938 549.197509765625
680.5743408203125 507.38885498046875
704.4512329101562 465.1994934082031
727.4097290039062 420.3979187011719
752.9666137695312 375.176025390625
778.3131103515625 328.3746337890625
804.2166137695312 279.7325439453125
829.9439086914062 229.19979858398438
678.510986328125 578.890625
703.4334716796875 536.2083129882812
728.6000366210938 491.406494140625
753.5289916992188 445.86279296875
780.6627807617188 397.822998046875
807.6807861328125 349.6714172363281
834.9857177734375 298.58477783203125
862.7040405273438 246.05328369140625
702.5398559570312 611.7830810546875
728.4652099609375 566.5517578125
755.9010620117188 520.5805053710938
782.3389282226562 472.4619140625
810.9232788085938 423.3505554199219
839.9867553710938 372.4794006347656
868.9429321289062 319.3546142578125
899.2295532226562 264.6694030761719
728.9658813476562 647.3534545898438
756.7404174804688 601.0203857421875
785.0863647460938 552.4117431640625
814.53662109375 502.941650390625
844.801025390625 451.2163391113281
869.0 400.0
906.0 336.0
934.0 288.0