1 800 1280
513.4072265625 265.2215270996094
535.0133666992188 248.4057159423828
557.9072265625 230.33316040039062
582.5003051757812 211.61093139648438
610.813232421875 188.98751831054688
642.1107177734375 165.2957000732422
676.5020141601562 138.68675231933594
716.1152954101562 109.99678802490234
551.4576416015625 295.7743835449219
573.644287109375 280.5992126464844
597.8970947265625 263.8304138183594
624.6612548828125 247.11924743652344
654.7728271484375 226.93490600585938
686.85791015625 205.25270080566406
723.5599975585938 182.46566772460938
763.3956909179688 156.696044921875
587.3078002929688 324.6117858886719
611.0198974609375 311.21221923828125
636.9223022460938 296.0830383300781
664.74169921875 280.78778076171875
695.7930908203125 263.4903869628906
730.0650634765625 244.22195434570312
767.4462890625 223.47122192382812
810.32763671875 200.80215454101562
622.4320068359375 351.9150390625
647.028076171875 340.46319580078125
673.5856323242188 327.0197448730469
703.251953125 313.2518615722656
735.9666748046875 298.1501159667969
763.0 280.0
810.8731689453125 262.4875793457031
847.0 241.0