1 800 1280
509.119384765625 611.6923217773438
513.8825073242188 570.6425170898438
518.1229248046875 526.9912719726562
522.1079711914062 481.1044616699219
527.261962890625 429.4068298339844
532.3301391601562 375.0615234375
537.73193359375 315.5034484863281
543.0941772460938 251.7973175048828
564.2894287109375 625.2350463867188
570.4576416015625 584.282470703125
576.6465454101562 540.413818359375
582.9755249023438 494.39727783203125
590.3764038085938 443.39312744140625
597.8798217773438 389.3251037597656
606.4136352539062 330.8328857421875
615.011474609375 266.98779296875
619.0444946289062 637.9698486328125
626.8309326171875 597.660888671875
635.4774169921875 554.1985473632812
644.1801147460938 508.1410827636719
653.7860107421875 457.8021545410156
664.4417724609375 403.9940185546875
675.20654296875 345.5023193359375
687.2604370117188 282.51568603515625
674.2447509765625 650.6777954101562
684.1563110351562 611.2591552734375
694.6158447265625 567.753662109375
705.8018188476562 522.040771484375
718.06982421875 472.12835693359375
726.0 422.0
741.0 355.0
754.0 301.0