1 800 1280
293.6307373046875 208.31585693359375
351.8473815917969 229.29660034179688
413.45880126953125 249.29122924804688
476.95538330078125 271.4648132324219
547.5535278320312 294.9186706542969
620.1060180664062 319.47186279296875
698.236328125 346.351318359375
779.4951171875 374.76007080078125
295.7611999511719 279.2902526855469
353.2260437011719 298.8271484375
412.2855224609375 320.54937744140625
474.12066650390625 344.14324951171875
540.896728515625 368.024658203125
610.4391479492188 393.35546875
683.5844116210938 421.7346496582031
761.8793334960938 451.8909606933594
299.6053161621094 341.9186096191406
354.3217468261719 365.2708740234375
411.82354736328125 386.2563171386719
471.01068115234375 410.0909729003906
534.5931396484375 435.14422607421875
601.0293579101562 461.600341796875
671.28955078125 490.33782958984375
745.3218383789062 520.5580444335938
302.041259765625 400.68719482421875
350.0 417.0
410.2533874511719 446.58465576171875
468.19927978515625 471.4999694824219
529.0225219726562 497.40545654296875
592.894775390625 523.4735717773438
660.2714233398438 553.4581298828125
727.0 576.0