1 800 1280
568.3602905273438 394.2259521484375
585.4069213867188 365.8683166503906
603.1397094726562 336.6387023925781
620.5935668945312 302.2504577636719
642.0027465820312 266.54888916015625
664.2758178710938 226.20069885253906
688.661865234375 183.57913208007812
713.8895263671875 133.2526092529297
583.91064453125 434.1989440917969
601.3729858398438 407.3114929199219
620.2322387695312 376.7064208984375
639.2660522460938 346.11383056640625
662.4442749023438 309.00390625
686.2929077148438 272.1876525878906
711.739990234375 227.47776794433594
739.473388671875 181.656494140625
600.1119384765625 475.9012756347656
618.464111328125 448.7799072265625
639.4450073242188 422.31158447265625
659.7320556640625 389.0410461425781
683.60986328125 355.3404235839844
709.521484375 317.4173278808594
737.0872192382812 275.0782165527344
767.496826171875 229.07846069335938
619.0 511.0
636.4639892578125 494.41790771484375
658.0926513671875 466.21343994140625
681.0780029296875 436.6924133300781
706.528564453125 403.4390563964844
734.8865966796875 368.2813415527344
765.180908203125 326.5011291503906
794.0 282.0