1 800 1280
552.2420043945312 226.3917694091797
578.5375366210938 218.5259246826172
606.7977294921875 209.57737731933594
636.7573852539062 200.4800262451172
672.2537231445312 189.07777404785156
710.9539794921875 177.47344970703125
753.809326171875 164.3136749267578
802.7365112304688 150.17994689941406
574.663818359375 272.8504943847656
601.3779907226562 266.7304992675781
630.3316650390625 260.06646728515625
661.6511840820312 253.59352111816406
697.5667114257812 245.64346313476562
736.4632568359375 236.71119689941406
780.279296875 228.5509796142578
828.6647338867188 217.97274780273438
596.4007568359375 316.4691162109375
623.4441528320312 313.0614318847656
653.489013671875 308.75604248046875
685.2506103515625 304.8159484863281
721.4071655273438 300.04351806640625
761.2276611328125 294.7768859863281
805.066162109375 289.08538818359375
855.1612548828125 283.6851501464844
617.905029296875 358.97674560546875
645.0906982421875 357.6193542480469
675.1856689453125 355.8687744140625
708.1411743164062 353.9413146972656
744.842041015625 352.1637878417969
785.1970825195312 349.28369140625
830.3571166992188 347.4549255371094
880.3115234375 344.6738586425781