1 800 1280
391.8695068359375 479.85601806640625
425.0333557128906 444.1014099121094
459.3507080078125 406.46844482421875
495.29644775390625 367.8939514160156
533.864013671875 325.4292297363281
574.0963745117188 281.553955078125
617.4146728515625 234.80934143066406
663.1178588867188 186.6792755126953
441.2749328613281 502.0074462890625
474.2226867675781 467.64385986328125
508.53759765625 431.57110595703125
544.8295288085938 394.83648681640625
583.1385498046875 354.42047119140625
622.9507446289062 313.0730895996094
666.1453247070312 269.8213806152344
711.6189575195312 224.02984619140625
487.0508728027344 522.1399536132812
520.2235717773438 489.3911437988281
554.4736328125 454.88922119140625
590.6301879882812 419.5625915527344
628.6470336914062 381.9197998046875
668.675537109375 342.56219482421875
711.00341796875 301.47064208984375
756.089599609375 258.17620849609375
529.9175415039062 540.5133666992188
562.9048461914062 509.76812744140625
596.9423828125 476.9112548828125
633.4068603515625 443.1530456542969
671.483154296875 407.24932861328125
710.6170654296875 369.5727233886719
753.27294921875 330.4886474609375
792.0 290.0