1 800 1280
579.0836791992188 391.9317321777344
593.0820922851562 359.49066162109375
607.543212890625 324.2423400878906
622.5068969726562 286.4612731933594
640.1222534179688 243.45716857910156
658.876953125 197.00852966308594
679.7571411132812 145.6662139892578
702.4189453125 88.9124755859375
624.5048828125 415.13336181640625
639.8422241210938 383.4388122558594
656.343017578125 348.57366943359375
673.8096313476562 311.68341064453125
693.786865234375 269.8982238769531
715.0851440429688 224.8760986328125
738.9209594726562 175.54055786132812
765.204833984375 121.41748046875
669.3348388671875 437.6245422363281
686.2865600585938 406.6658935546875
705.1510620117188 373.30926513671875
724.9898681640625 336.96636962890625
747.2274169921875 296.9156494140625
771.4046020507812 253.1490020751953
797.760498046875 205.02239990234375
827.3274536132812 151.8840789794922
714.1544799804688 459.4870300292969
733.0742797851562 430.2466735839844
753.5279541015625 397.4898376464844
770.0 364.0
799.0 318.0
822.0 283.0
858.4706420898438 233.99085998535156
885.0 184.0