1 800 1280
510.95819091796875 195.64419555664062
569.2098999023438 229.85430908203125
625.2501220703125 261.9216613769531
679.531005859375 293.77398681640625
732.436279296875 323.82159423828125
783.3453979492188 353.16571044921875
833.206298828125 382.13287353515625
881.6796264648438 410.04473876953125
480.8350524902344 252.54603576660156
538.8171997070312 284.02191162109375
593.5945434570312 314.5799865722656
647.4752807617188 344.6720886230469
699.63037109375 373.13018798828125
749.8729858398438 400.6776123046875
798.671142578125 428.3039245605469
846.7951049804688 455.4885559082031
452.66156005859375 305.3807373046875
509.2256774902344 335.7317199707031
563.8231201171875 364.31549072265625
616.8487548828125 392.49273681640625
668.23388671875 420.01226806640625
717.7354125976562 446.3441467285156
766.3814697265625 472.72161865234375
813.2604370117188 498.0615234375
425.5703125 355.5867004394531
481.5981140136719 384.4100341796875
535.2612915039062 411.7261657714844
587.5108032226562 438.6138916015625
638.2990112304688 464.6722412109375
687.0016479492188 489.42901611328125
734.7638549804688 514.3970336914062
781.2359619140625 538.8543701171875