1 800 1280
343.3528747558594 292.5927734375
418.8044128417969 302.66534423828125
492.7251892089844 312.33416748046875
564.60400390625 322.3958435058594
636.7474365234375 331.3514099121094
706.42431640625 340.5595703125
776.1910400390625 350.18182373046875
844.6564331054688 359.6130676269531
342.6100158691406 362.4574890136719
415.95159912109375 370.01617431640625
487.05157470703125 378.9412536621094
557.345703125 387.9146423339844
626.5875854492188 395.9712829589844
694.6796264648438 404.3098449707031
761.6603393554688 413.47137451171875
828.7412719726562 422.24395751953125
341.3592834472656 425.29315185546875
412.2776794433594 433.6338806152344
481.6773376464844 440.8845520019531
549.9926147460938 448.91668701171875
617.373291015625 456.6606140136719
683.0303344726562 464.32452392578125
748.8848266601562 472.2792663574219
813.2034301757812 480.3448486328125
340.0247497558594 484.9315185546875
409.1512756347656 492.73565673828125
476.438720703125 499.5660095214844
542.7838134765625 506.822021484375
608.33154296875 513.8952026367188
672.2564086914062 520.3391723632812
735.88623046875 527.9590454101562
794.0 530.0