1 800 1280
506.5877990722656 353.63623046875
554.9960327148438 361.8713073730469
605.318603515625 369.385498046875
656.4942016601562 377.6119079589844
711.6423950195312 386.0933532714844
768.2220458984375 394.76922607421875
828.0209350585938 404.1396179199219
889.54345703125 414.06109619140625
502.7074279785156 407.162109375
550.775146484375 414.9046630859375
600.5164184570312 423.7696228027344
651.7791137695312 432.7097473144531
705.7764892578125 442.09979248046875
761.4412231445312 451.63153076171875
819.5503540039062 462.7561340332031
880.6889038085938 473.78668212890625
499.5374450683594 457.65924072265625
546.8089599609375 467.02569580078125
596.2531127929688 476.3776550292969
646.5590209960938 486.55712890625
699.721923828125 496.9443054199219
754.56396484375 507.8401184082031
812.0841064453125 518.9678344726562
872.0206298828125 531.683349609375
496.5072326660156 507.5072937011719
543.4669189453125 517.229736328125
591.2236938476562 527.4287719726562
642.1821899414062 538.647216796875
694.44482421875 550.9093017578125
748.0319213867188 561.7466430664062
804.95703125 574.8253784179688
863.6991577148438 587.70947265625