1 800 1280
499.52783203125 121.93338012695312
558.6583862304688 170.60426330566406
614.4115600585938 214.90863037109375
665.5661010742188 258.3701477050781
714.8985595703125 297.87213134765625
760.582275390625 335.5008850097656
804.3201293945312 371.82977294921875
845.95263671875 406.40478515625
458.24468994140625 171.3225860595703
517.008056640625 215.5181121826172
570.8388671875 256.8274841308594
621.9578247070312 297.2051086425781
670.3787841796875 333.8191223144531
715.7039184570312 369.05877685546875
758.5799560546875 403.064208984375
799.5162963867188 436.0933837890625
421.2263488769531 215.15367126464844
477.5480651855469 256.94866943359375
531.2387084960938 295.03369140625
581.5103149414062 332.3963317871094
629.0767822265625 367.22418212890625
673.8817138671875 399.8337097167969
716.6652221679688 432.2784729003906
757.2515258789062 462.423583984375
394.0 253.0
441.0 286.0
504.0 329.0
544.303955078125 365.01104736328125
590.867919921875 397.9364013671875
635.0303344726562 428.0925598144531
677.2518310546875 458.296630859375
718.0 478.0