1 800 1280
371.91534423828125 446.06298828125
404.1788024902344 407.099365234375
437.99481201171875 365.5830383300781
474.3226318359375 322.7708740234375
514.662109375 273.81988525390625
557.626953125 222.35455322265625
604.6544799804688 167.23709106445312
656.8651733398438 107.119140625
428.1260070800781 456.8727722167969
460.1318054199219 419.9763488769531
493.9947204589844 380.6805725097656
531.3233032226562 339.94232177734375
571.0150146484375 294.1753234863281
613.2640991210938 246.5389404296875
661.2119750976562 195.05532836914062
711.1927490234375 140.5740509033203
478.2948913574219 466.2754211425781
510.87506103515625 431.4227294921875
545.0529174804688 393.83709716796875
582.1030883789062 355.3439025878906
621.4769287109375 313.2779541015625
663.8814697265625 268.15008544921875
709.7430419921875 220.67303466796875
759.939697265625 168.83914184570312
523.8394165039062 474.3517761230469
556.9913330078125 441.8244323730469
591.468505859375 406.480712890625
628.052001953125 369.6233215332031
667.6701049804688 329.7083740234375
708.7779541015625 287.33843994140625
755.056640625 242.27151489257812
797.0 195.0