1 800 1280
546.4649658203125 154.1114501953125
590.8157348632812 185.04861450195312
635.5945434570312 214.84378051757812
680.4547729492188 244.90089416503906
725.1753540039062 274.3106384277344
769.496826171875 304.2696533203125
814.5814819335938 333.43328857421875
859.481201171875 362.5223388671875
515.70703125 199.40525817871094
561.3304443359375 229.1217498779297
606.3069458007812 259.5913391113281
651.6740112304688 288.5362243652344
696.294677734375 318.7484436035156
741.288818359375 347.822265625
785.7313842773438 377.67559814453125
831.1200561523438 407.01483154296875
485.88177490234375 243.00364685058594
531.4418334960938 274.0044860839844
577.0558471679688 303.3829650878906
621.955810546875 333.0033264160156
667.2184448242188 362.7281799316406
711.9993896484375 392.667724609375
757.53564453125 421.7842712402344
802.2031860351562 451.325439453125
465.0 286.0
499.0 308.0
558.0 346.0
590.0 367.0
650.05712890625 405.2515869140625
682.4949951171875 437.0491638183594
728.1280517578125 467.2899475097656
773.2723999023438 496.3379211425781