1 800 1280
468.3998718261719 474.4889831542969
508.37359619140625 453.7861022949219
549.6090087890625 431.24530029296875
592.303955078125 408.0045471191406
638.102783203125 382.97039794921875
685.6098022460938 357.1280822753906
735.8402099609375 329.734619140625
788.6774291992188 300.81207275390625
491.6172790527344 522.564208984375
532.1624755859375 501.553466796875
574.0578002929688 480.34161376953125
617.5963745117188 457.8756103515625
664.081787109375 434.21856689453125
712.2785034179688 409.4386901855469
763.2044677734375 383.8414306640625
816.91259765625 356.105224609375
514.9076538085938 569.046142578125
555.9645385742188 550.082763671875
598.7213134765625 529.2807006835938
642.8388671875 508.06182861328125
689.9574584960938 485.6536865234375
739.0992431640625 462.3048400878906
790.81005859375 437.5263671875
845.446533203125 411.54876708984375
538.3169555664062 616.399658203125
579.6734008789062 597.648193359375
622.8282470703125 578.7897338867188
668.4886474609375 558.2415771484375
716.2631225585938 537.640380859375
766.2221069335938 515.0703735351562
819.1676635742188 492.11944580078125
874.7354736328125 467.1969299316406