1 800 1280
376.80340576171875 342.6361999511719
429.8131103515625 333.59320068359375
485.3239440917969 323.4735107421875
543.389404296875 313.1343994140625
608.3662109375 301.37786865234375
676.1705322265625 289.2659912109375
750.0810546875 276.2491760253906
829.4125366210938 263.2427673339844
405.27056884765625 399.9776611328125
457.2175598144531 391.98895263671875
511.8354187011719 383.6412658691406
569.7839965820312 375.95672607421875
632.6143188476562 366.4585876464844
698.8844604492188 356.7810363769531
770.5556640625 347.7133483886719
847.743408203125 337.4822998046875
431.6436767578125 452.2080078125
482.5592041015625 446.4649963378906
536.8672485351562 439.9225158691406
593.7040405273438 434.00042724609375
655.0 427.0397033691406
719.9117431640625 420.0757141113281
789.6144409179688 412.8020935058594
864.6415405273438 405.5579833984375
456.7183837890625 501.3069763183594
506.86456298828125 497.5633239746094
559.9518432617188 492.731201171875
616.1528930664062 488.40509033203125
676.0313720703125 483.6498718261719
739.5556640625 478.20123291015625
808.1866455078125 473.86505126953125
881.1874389648438 468.5721130371094