1 800 1280
504.48095703125 214.98033142089844
552.2094116210938 242.92709350585938
600.141845703125 269.3078308105469
648.5235595703125 295.2122802734375
696.8287963867188 322.32000732421875
744.9893188476562 348.82244873046875
794.0421142578125 374.9765930175781
843.3031616210938 400.6163330078125
475.6357116699219 253.04966735839844
525.7908325195312 280.18084716796875
574.7333374023438 307.98529052734375
625.2587890625 334.5909729003906
674.680419921875 362.8203125
724.2154541015625 389.5806579589844
774.3547973632812 416.8248291015625
825.1591796875 443.3616638183594
445.8365478515625 291.9844665527344
496.91510009765625 320.8536682128906
548.2451171875 349.2217712402344
599.6389770507812 376.8466796875
651.019775390625 405.0982666015625
702.0538330078125 433.52734375
754.010009765625 460.6897277832031
805.869873046875 488.7978820800781
425.0 332.0
464.0 353.0
531.0 389.0
573.1592407226562 421.3567810058594
625.8541870117188 451.11181640625
678.0115356445312 479.78399658203125
731.6925048828125 508.9537353515625
780.989501953125 526.7958374023438