1 800 1280
587.8876953125 484.9087219238281
623.7389526367188 455.1448974609375
659.5822143554688 423.6435241699219
696.9989624023438 387.39764404296875
736.025390625 352.67706298828125
776.5138549804688 315.2698974609375
817.7339477539062 277.29986572265625
860.2284545898438 235.81663513183594
602.561767578125 524.2897338867188
639.9251098632812 490.3683776855469
678.0330200195312 457.9603271484375
717.037109375 422.4379577636719
758.6487426757812 386.47760009765625
800.3775634765625 349.5076599121094
844.0829467773438 309.302734375
889.0835571289062 267.9804992675781
619.090576171875 563.5213012695312
657.9568481445312 531.2774658203125
698.234130859375 497.5936584472656
739.3422241210938 461.1279296875
782.077880859375 425.1987609863281
827.2225952148438 385.62200927734375
872.6268310546875 344.83709716796875
920.3812866210938 302.5047302246094
638.0 600.0
671.0 573.0
721.0 530.0
763.1500854492188 503.0867614746094
809.1072387695312 464.89337158203125
855.8338623046875 426.448974609375
905.5249633789062 384.4029235839844
948.0 341.0