1 800 1280
494.23016357421875 471.0441589355469
535.2839965820312 443.3574523925781
577.052490234375 413.6169738769531
619.605712890625 382.3111877441406
666.5894775390625 349.9407653808594
714.8886108398438 315.8446350097656
765.4232177734375 280.7054748535156
818.3975219726562 240.2679443359375
516.489501953125 520.8327026367188
558.3990478515625 492.6669616699219
601.9381103515625 463.60894775390625
646.5237426757812 433.3482360839844
694.636474609375 400.7950439453125
744.1782836914062 367.3788146972656
796.669677734375 331.6708679199219
851.387451171875 294.4651184082031
539.736572265625 570.556396484375
582.6493530273438 543.7701416015625
627.5382690429688 515.77001953125
673.9208984375 485.12725830078125
723.3161010742188 454.1536865234375
774.9595336914062 421.00213623046875
829.0215454101562 385.6356506347656
886.4835205078125 348.8689880371094
566.0 617.0
601.0 595.0
657.0 561.0
702.5621337890625 539.3787841796875
753.5020751953125 508.862060546875
806.8151245117188 476.75
863.9364013671875 442.8577575683594
915.0 405.0