1 800 1280
431.1377258300781 324.53594970703125
474.3943786621094 335.8348388671875
517.7274169921875 345.7373352050781
561.1026611328125 356.4358825683594
604.5432739257812 366.0076904296875
647.5851440429688 376.0522155761719
691.2355346679688 386.1982421875
734.6567993164062 396.08038330078125
420.343017578125 368.8923645019531
464.0563659667969 378.50469970703125
507.4415283203125 388.76971435546875
550.9207763671875 398.80926513671875
594.7216186523438 409.27655029296875
638.3294067382812 418.5553894042969
680.96533203125 429.4435729980469
725.1610107421875 439.3914794921875
410.6500244140625 411.19384765625
454.0616149902344 421.83123779296875
498.0234680175781 431.5420837402344
540.9719848632812 442.182373046875
584.465576171875 452.0374450683594
627.7713012695312 462.4524230957031
671.6739501953125 471.9296569824219
714.36376953125 482.3807067871094
400.2686767578125 454.5470275878906
444.375 464.4667053222656
487.3399353027344 474.7982482910156
531.3663330078125 484.4714660644531
574.5899047851562 495.7359619140625
617.7459716796875 504.90557861328125
661.3469848632812 515.4987182617188
704.704345703125 525.63330078125