1 800 1280
534.2921142578125 250.20399475097656
585.898193359375 273.3888244628906
637.9509887695312 295.79608154296875
689.758544921875 318.7371826171875
742.7117919921875 341.49945068359375
795.0576782226562 364.3229064941406
848.6395874023438 387.54443359375
901.9760131835938 410.7927551269531
514.9136962890625 302.92022705078125
566.3121337890625 324.9481506347656
617.2091064453125 347.2956848144531
668.3593139648438 369.61614990234375
720.08154296875 391.8381042480469
771.5844116210938 414.1902770996094
823.5091552734375 437.5746154785156
876.3551635742188 460.72540283203125
496.8205261230469 352.42218017578125
546.9540405273438 374.6695251464844
597.3834228515625 396.2255554199219
647.4848022460938 418.385009765625
698.2401733398438 440.5392761230469
748.7615356445312 462.6963195800781
800.2667236328125 485.40667724609375
851.4061279296875 508.27838134765625
479.3302001953125 400.3031921386719
528.7542724609375 422.2026062011719
577.939208984375 443.735595703125
627.66064453125 465.5082092285156
677.4927978515625 487.7789611816406
727.0084838867188 509.12939453125
777.0004272460938 531.756591796875
827.5380859375 554.2102661132812