1 800 1280
266.7970886230469 378.6282653808594
324.7689514160156 351.1534118652344
379.1951599121094 324.4539489746094
431.331298828125 297.7991638183594
482.067138671875 273.62091064453125
530.5439453125 249.80465698242188
576.4822387695312 226.8739013671875
621.94384765625 203.8994140625
299.4795227050781 432.3271484375
355.75860595703125 402.81475830078125
409.6080017089844 374.82489013671875
461.5453186035156 347.6226806640625
511.30633544921875 321.9292907714844
558.3486328125 297.07000732421875
604.6250610351562 273.3971252441406
648.3928833007812 249.86737060546875
330.7569580078125 484.6522216796875
386.9045104980469 454.2938537597656
439.88555908203125 425.3495178222656
491.06890869140625 396.94293212890625
539.8262329101562 370.1492614746094
586.6447143554688 344.55126953125
631.7070922851562 319.2510070800781
675.018310546875 295.1277770996094
364.0 529.0
417.493408203125 505.56707763671875
469.583984375 475.0956115722656
520.2841186523438 446.1038513183594
569.0813598632812 418.26544189453125
614.212646484375 391.8206787109375
659.4088134765625 365.9851989746094
692.0 338.0