1 800 1280
309.8171081542969 313.7159729003906
363.2558288574219 325.2918395996094
415.09429931640625 335.16741943359375
466.18170166015625 343.7647705078125
515.5316772460938 353.40966796875
563.5568237304688 362.31378173828125
610.5796508789062 370.51324462890625
656.3851928710938 377.6726379394531
298.3984680175781 348.58074951171875
354.5625 358.7130126953125
408.5922546386719 369.0090026855469
461.84820556640625 377.4400329589844
513.0758056640625 387.1863708496094
562.6860961914062 395.6570739746094
611.512451171875 403.7264709472656
659.2637939453125 411.0751647949219
286.7461853027344 385.6849670410156
345.1585998535156 395.8703918457031
401.9454650878906 405.74102783203125
456.96441650390625 414.3923645019531
510.3612060546875 423.63043212890625
562.0253295898438 431.97540283203125
612.975341796875 439.50775146484375
662.0125122070312 447.3387451171875
273.6056823730469 426.58648681640625
335.3875732421875 435.66748046875
394.12872314453125 445.4237365722656
451.8996276855469 454.156005859375
507.7342834472656 463.4626770019531
561.1273193359375 471.8128967285156
613.8939208984375 479.339111328125
665.3070068359375 486.82611083984375