1 800 1280
363.43890380859375 230.2684783935547
430.0173645019531 230.8316192626953
495.6231994628906 230.9216766357422
560.1172485351562 231.5563507080078
625.0922241210938 231.646484375
688.6555786132812 232.04713439941406
752.4609985351562 232.49151611328125
815.7752685546875 232.98428344726562
371.7284240722656 293.4375305175781
436.2381286621094 292.06878662109375
499.2411804199219 292.25103759765625
562.1355590820312 292.62451171875
624.70947265625 292.22393798828125
686.4559936523438 292.052978515625
747.7725830078125 292.6148681640625
809.3330078125 293.01287841796875
378.90740966796875 350.291259765625
441.18292236328125 350.021484375
502.79071044921875 349.1728515625
563.6730346679688 349.0692138671875
624.3207397460938 348.7614440917969
683.9511108398438 348.45849609375
743.9480590820312 348.4457702636719
803.06689453125 348.5096130371094
385.73834228515625 404.0646057128906
446.34661865234375 403.85699462890625
505.9449462890625 402.85205078125
565.0650634765625 402.6021423339844
623.979736328125 401.9439392089844
681.7655029296875 401.0633850097656
739.5426635742188 400.927490234375
797.3123168945312 400.8195495605469