1 800 1280
323.7746887207031 404.1383056640625
382.7029113769531 387.830322265625
435.84210205078125 371.84521484375
486.12603759765625 355.9609069824219
532.1859741210938 342.6894836425781
574.9459228515625 329.7608642578125
615.4075927734375 317.3415222167969
653.0200805664062 305.2394714355469
354.15966796875 456.41168212890625
411.9471130371094 436.45867919921875
465.2104797363281 418.376220703125
515.1206665039062 400.98370361328125
560.7562255859375 385.5625915527344
602.9130249023438 370.9661865234375
642.605712890625 356.6217041015625
680.465087890625 343.0425720214844
384.2197265625 509.59466552734375
442.1233215332031 487.2911071777344
495.4096374511719 466.9427795410156
544.714111328125 447.33135986328125
589.8544921875 429.435546875
631.7680053710938 413.2059631347656
671.3589477539062 397.09295654296875
707.7546997070312 382.3605041503906
414.85394287109375 565.4717407226562
473.7560119628906 540.2662353515625
526.1717529296875 516.7000122070312
575.1635131835938 495.3334655761719
620.512451171875 475.5267333984375
661.0409545898438 457.1280517578125
700.274658203125 439.63958740234375
730.0 422.0