1 800 1280
311.6446838378906 231.2333526611328
374.5657653808594 228.40594482421875
435.2486877441406 224.38743591308594
494.13360595703125 219.68190002441406
552.7462158203125 216.64755249023438
609.060546875 213.1503448486328
664.1036987304688 209.12330627441406
718.6787719726562 204.78692626953125
317.316162109375 290.2403259277344
380.80938720703125 284.9971008300781
442.0087585449219 280.7667236328125
501.8698425292969 275.6693420410156
560.544189453125 271.93115234375
616.6803588867188 266.70635986328125
672.1162109375 262.46728515625
726.568603515625 257.48394775390625
322.9627685546875 348.8626708984375
386.7120361328125 343.369140625
448.62384033203125 338.0726623535156
509.0493469238281 332.49017333984375
567.4871215820312 327.08935546875
624.5132446289062 322.10650634765625
680.4273681640625 316.1949157714844
735.0418090820312 310.9718933105469
328.24102783203125 408.69586181640625
393.0990295410156 402.0912170410156
455.027099609375 395.8016357421875
516.0202026367188 389.54705810546875
575.5928955078125 383.9794921875
632.0233764648438 377.7062072753906
688.630859375 371.8068542480469
738.0 362.0