1 800 1280
664.3822021484375 445.8846130371094
686.1563110351562 473.5059509277344
708.7577514648438 500.899169921875
731.5630493164062 530.0394897460938
755.8646240234375 559.6757202148438
780.582763671875 590.5812377929688
806.2591552734375 622.3736572265625
832.8911743164062 655.1456909179688
637.1077880859375 469.9466857910156
658.7669067382812 496.8713073730469
680.7434692382812 525.3414916992188
703.189697265625 554.2235717773438
727.10302734375 584.547607421875
751.0311279296875 615.0802612304688
776.016845703125 647.3355102539062
801.9771118164062 680.703369140625
610.7241821289062 492.73583984375
631.6986083984375 520.9853515625
653.4535522460938 548.9296875
675.3834228515625 578.4142456054688
698.2471313476562 608.3955078125
721.9276733398438 639.9268188476562
746.4529418945312 671.9616088867188
771.4624633789062 705.1630859375
584.9249267578125 516.3883056640625
605.1947631835938 543.6813354492188
626.0759887695312 572.4522705078125
648.0424194335938 601.9022827148438
670.160400390625 633.0980834960938
693.271728515625 663.6298217773438
717.079345703125 696.6507568359375
741.3167114257812 730.1801147460938