1 800 1280
611.6171875 169.9456329345703
590.2481079101562 222.0376434326172
570.6830444335938 269.7054443359375
554.0706176757812 314.63482666015625
536.6309814453125 357.18841552734375
520.4675903320312 396.9059143066406
506.5190124511719 433.80902099609375
492.49603271484375 468.6282043457031
562.6016845703125 167.47705078125
542.2491455078125 221.18751525878906
523.9639282226562 270.6851501464844
506.7017822265625 317.6020812988281
491.0306701660156 361.5162048339844
476.1860656738281 401.59197998046875
462.8602600097656 440.2833251953125
450.0366516113281 476.3155822753906
509.0119934082031 163.8821563720703
490.46795654296875 218.93626403808594
471.5802917480469 271.517333984375
456.31170654296875 320.0179138183594
442.0376281738281 366.03118896484375
428.0155334472656 407.61541748046875
416.06072998046875 447.167724609375
404.6241149902344 484.1876220703125
450.6116027832031 157.9344482421875
431.93048095703125 217.7932586669922
415.2905578613281 272.45550537109375
401.4273376464844 322.9549255371094
388.5863952636719 370.8976745605469
376.1325378417969 413.405517578125
364.95196533203125 454.11419677734375
354.73565673828125 492.2997741699219