1 800 1280
661.866943359375 539.6730346679688
690.9003295898438 513.7827758789062
720.5835571289062 487.1591796875
750.4827270507812 459.97454833984375
782.2440185546875 432.2911682128906
814.3956298828125 403.347412109375
847.6924438476562 374.2542419433594
882.0 350.0
689.6705322265625 569.8346557617188
719.005126953125 544.4938354492188
749.0145263671875 517.7079467773438
779.9674682617188 490.99786376953125
811.89404296875 463.4919738769531
844.5242919921875 435.1968994140625
877.9725952148438 406.0183410644531
913.335693359375 376.1728820800781
717.4545288085938 600.1959228515625
747.2061157226562 574.3776245117188
778.2388916015625 548.93603515625
808.9647216796875 522.0760498046875
841.61376953125 495.261474609375
874.8710327148438 466.8227844238281
909.1475830078125 438.4342956542969
944.3006591796875 408.7464904785156
745.5319213867188 630.3206176757812
775.9993286132812 604.9888305664062
806.9896240234375 579.4479370117188
838.994384765625 553.741455078125
871.659423828125 526.8511962890625
905.6123046875 499.13507080078125
940.1376953125 470.74737548828125
976.3157348632812 442.7773742675781