1 800 1280
550.9337768554688 358.0581970214844
587.14794921875 379.0077819824219
624.3649291992188 399.9082946777344
661.958251953125 420.762451171875
700.640869140625 442.421142578125
740.376708984375 464.7369384765625
780.7168579101562 486.7351989746094
822.0033569335938 510.2477111816406
526.3084716796875 386.438720703125
563.267822265625 407.6741638183594
601.138671875 429.8034362792969
639.4920043945312 451.7088317871094
679.0704345703125 474.54095458984375
719.17626953125 497.4993591308594
760.4658813476562 520.638671875
802.8704833984375 544.826904296875
500.2412109375 415.7537536621094
538.2687377929688 438.62921142578125
576.5057983398438 461.79876708984375
615.8612060546875 484.6491394042969
655.8679809570312 507.8951110839844
697.3480224609375 532.486083984375
739.3447875976562 556.3485107421875
782.3953857421875 581.3687744140625
473.0825500488281 447.88580322265625
511.2613830566406 471.42413330078125
551.0316772460938 495.3652038574219
590.7634887695312 519.2178344726562
632.297119140625 543.9163818359375
673.8861694335938 568.8653564453125
716.572021484375 594.623046875
760.1122436523438 621.110107421875