1 800 1280
513.2347412109375 513.3604736328125
551.8118286132812 495.8318786621094
591.3004760742188 477.7159423828125
631.2945556640625 458.7914123535156
673.697265625 439.4751892089844
716.4468383789062 419.4940185546875
760.9710693359375 398.8836975097656
806.0079345703125 377.4762878417969
530.7044067382812 555.8375244140625
569.9492797851562 538.4781494140625
609.8939819335938 520.4998779296875
650.8359985351562 502.4863586425781
693.2540893554688 483.15350341796875
736.6663818359375 463.5703125
781.521728515625 444.02203369140625
827.5574951171875 423.624755859375
548.5941162109375 598.1006469726562
588.18798828125 581.3567504882812
628.8008422851562 563.803466796875
670.1998291015625 546.0010986328125
713.2120361328125 527.8568115234375
757.1824951171875 508.8318176269531
802.5338134765625 489.5826721191406
849.2974243164062 469.2181396484375
566.6118774414062 640.8156127929688
606.6392211914062 624.4287719726562
647.32958984375 607.5560913085938
689.84814453125 590.1533203125
733.6188354492188 572.8984985351562
777.8662109375 554.139404296875
823.4794311523438 535.3016967773438
871.36328125 516.1505126953125