1 800 1280
564.4876098632812 297.99420166015625
590.81982421875 331.67681884765625
615.775146484375 363.1355285644531
636.0 393.0
666.0 430.0
688.8417358398438 453.5643615722656
713.0 488.0
734.620849609375 510.3556823730469
546.3056640625 321.4454345703125
573.3013305664062 354.537353515625
599.490234375 387.9097900390625
625.2962646484375 418.5953369140625
650.8023681640625 449.50494384765625
674.8907470703125 479.137939453125
699.1140747070312 508.234130859375
722.7293090820312 535.9882202148438
526.0931396484375 345.2607421875
554.2664184570312 380.48150634765625
581.385986328125 413.6314697265625
608.5808715820312 446.2085266113281
635.2105102539062 476.51007080078125
660.4317626953125 507.5581970214844
685.3612670898438 536.2503051757812
709.9957275390625 564.7199096679688
504.2950134277344 371.7270202636719
533.3721923828125 407.333740234375
562.5216674804688 441.77362060546875
590.579345703125 473.9733581542969
618.729248046875 506.9550476074219
644.5192260742188 536.7444458007812
670.425048828125 566.532470703125
695.7864990234375 595.780029296875