1 800 1280
417.0 543.0
469.97833251953125 508.08349609375
532.4805297851562 476.0387268066406
593.87353515625 445.46435546875
655.337158203125 414.6292419433594
716.05322265625 383.9530029296875
776.1375732421875 354.8170166015625
833.0 330.0
439.0421447753906 582.4830932617188
498.43743896484375 551.6085815429688
557.5411376953125 519.9036865234375
616.1829223632812 490.4512939453125
674.6415405273438 460.6627502441406
732.2955322265625 430.6263427734375
789.7382202148438 401.87115478515625
846.8703002929688 374.6796569824219
466.8238525390625 620.9345092773438
524.1358642578125 589.315185546875
580.653564453125 559.7957763671875
636.241455078125 530.7685546875
692.5880126953125 503.1270751953125
747.5911254882812 473.6853942871094
802.6300659179688 446.2242431640625
857.1495361328125 418.7779846191406
493.1557312011719 654.569580078125
547.2949829101562 624.8524169921875
601.4537963867188 595.9375
654.9183349609375 568.194091796875
708.839111328125 541.2647094726562
761.2623291015625 512.8922729492188
813.240478515625 486.1034851074219
865.7145385742188 461.6747741699219