1 800 1280
523.1968994140625 552.1838989257812
523.535400390625 505.21905517578125
523.5928955078125 458.810791015625
523.749267578125 413.6895446777344
523.5181274414062 369.07257080078125
523.4674072265625 326.0105895996094
523.7344970703125 282.9849853515625
523.784912109375 241.08738708496094
569.3156127929688 552.5772094726562
568.5886840820312 505.798828125
567.9469604492188 460.5938720703125
567.6693725585938 415.7921447753906
566.9924926757812 372.3827819824219
566.3748168945312 329.91448974609375
566.498291015625 288.00177001953125
566.2142333984375 246.47439575195312
612.934814453125 552.88525390625
612.1014404296875 506.8044738769531
610.5499877929688 462.2752380371094
609.8067016601562 418.46258544921875
608.900390625 375.6259765625
607.9493408203125 333.7979431152344
607.2655639648438 292.3496398925781
606.5938110351562 251.95358276367188
654.9743041992188 553.0625610351562
653.5496215820312 507.9869384765625
651.8964233398438 464.1998596191406
650.4841918945312 420.89300537109375
649.5701904296875 378.4768981933594
647.56884765625 337.7657470703125
646.6458129882812 297.1117248535156
645.65576171875 257.3948974609375