1 800 1280
541.250244140625 240.13304138183594
590.1867065429688 280.2901306152344
636.7427978515625 318.1544494628906
681.2407836914062 354.4610900878906
723.370361328125 389.3377685546875
764.3492431640625 422.7327575683594
802.2910766601562 454.8127136230469
840.1859130859375 485.28753662109375
500.9959411621094 288.4173583984375
549.8828125 325.9248352050781
597.2037963867188 362.0475769042969
641.544189453125 396.6354064941406
684.4085083007812 430.4541931152344
725.2490844726562 461.5223693847656
764.222412109375 492.5448913574219
801.2361450195312 522.1312255859375
462.0476989746094 334.14337158203125
512.0274658203125 370.04266357421875
558.5523071289062 404.6001892089844
603.3317260742188 437.4804992675781
646.1961669921875 469.6669006347656
687.1597290039062 499.7574157714844
725.9073486328125 529.2832641601562
764.3232421875 557.4979248046875
425.16815185546875 378.6383361816406
474.3086853027344 412.3628234863281
521.6390991210938 445.4471435546875
566.1740112304688 477.0732116699219
609.5165405273438 508.1167297363281
650.2532348632812 536.5369262695312
689.6885986328125 564.6644897460938
726.510498046875 592.208984375