1 800 1280
415.445556640625 554.5621337890625
437.7776184082031 505.7371520996094
459.26068115234375 458.2496032714844
480.42291259765625 411.5688781738281
501.102294921875 365.51666259765625
521.3463745117188 320.7386779785156
541.2111206054688 276.6188049316406
560.3656005859375 232.98947143554688
464.60821533203125 574.5689697265625
485.6988220214844 525.7163696289062
506.4533386230469 478.45892333984375
526.6673583984375 432.0054626464844
546.6392822265625 386.27178955078125
565.8325805664062 342.16558837890625
585.56103515625 298.2306213378906
604.226318359375 254.92630004882812
511.8468017578125 593.6378173828125
532.5009765625 545.2688598632812
552.2161254882812 498.3346862792969
571.8998413085938 452.1231384277344
591.0023803710938 406.8854064941406
609.751220703125 362.6831970214844
628.154541015625 319.4208679199219
646.4217529296875 276.5303955078125
557.8829956054688 612.2034912109375
577.7200927734375 564.4041748046875
596.7710571289062 517.823486328125
615.7360229492188 471.6762390136719
634.451904296875 426.80828857421875
651.9417114257812 383.30010986328125
669.7561645507812 340.0479431152344
679.0 301.0