1 800 1280
439.41595458984375 388.0688171386719
489.0663757324219 410.6856994628906
536.7915649414062 432.44891357421875
582.7047119140625 453.6344299316406
627.5792236328125 474.4117126464844
671.0751953125 494.69873046875
712.890625 513.99560546875
753.8385009765625 532.9740600585938
416.1644287109375 435.88690185546875
465.43133544921875 457.357421875
513.5465087890625 478.0265197753906
559.5081176757812 498.25830078125
604.5650634765625 518.4755859375
647.769287109375 537.0592041015625
690.0120239257812 556.0294189453125
730.9556884765625 574.5391235351562
392.6015930175781 482.69378662109375
442.6768493652344 502.8294372558594
490.37542724609375 523.082275390625
536.44970703125 542.263916015625
581.5999755859375 561.5386352539062
625.1445922851562 579.7417602539062
667.3340454101562 597.7715454101562
708.4415893554688 615.2626342773438
369.83282470703125 529.078857421875
419.32830810546875 548.2213745117188
467.7029113769531 567.2734985351562
513.9249877929688 585.7214965820312
559.1319580078125 604.517578125
602.5615844726562 621.489990234375
644.5813598632812 638.7437744140625
685.1717529296875 656.4080810546875