1 800 1280
407.60455322265625 525.589111328125
429.2315368652344 483.27471923828125
450.00897216796875 441.7274475097656
470.5052490234375 401.3218078613281
490.2117614746094 361.2227783203125
509.5343933105469 322.6722717285156
528.8011474609375 284.6576843261719
547.3507690429688 246.92137145996094
450.237548828125 545.4246826171875
470.6404724121094 502.94732666015625
490.57244873046875 461.8890380859375
510.1994323730469 421.5686340332031
529.1495361328125 382.1406555175781
547.589111328125 344.2088317871094
566.2261962890625 306.1927795410156
584.5409545898438 269.1221923828125
490.84954833984375 564.210693359375
510.7027587890625 522.268798828125
529.6531982421875 481.4373474121094
548.40673828125 441.4951171875
566.8704223632812 402.64654541015625
584.707275390625 364.4349365234375
602.3672485351562 327.2935485839844
619.7289428710938 290.33502197265625
529.9088745117188 582.2985229492188
549.15771484375 541.1571655273438
567.3743286132812 500.58984375
585.5813598632812 461.0047912597656
603.46533203125 422.03521728515625
620.3281860351562 384.7998046875
637.0458374023438 347.60009765625
654.12451171875 311.224853515625