1 800 1280
653.4077758789062 318.2540283203125
671.3212280273438 361.52691650390625
690.1829833984375 405.4334411621094
709.2567138671875 450.5896301269531
729.60400390625 497.3372802734375
749.65966796875 545.3502197265625
770.6489868164062 594.5530395507812
792.6315307617188 645.607666015625
610.2401733398438 339.53302001953125
628.0381469726562 382.2452087402344
646.1448974609375 426.1968078613281
664.5869140625 471.3360900878906
684.0697631835938 517.7536010742188
703.7742309570312 564.9833374023438
723.2220458984375 614.3073120117188
743.6368408203125 664.6782836914062
568.8157958984375 359.8082580566406
585.827392578125 402.7052307128906
603.5277099609375 446.54150390625
621.2080688476562 491.34625244140625
639.5084838867188 537.217041015625
658.2273559570312 584.487548828125
677.4271240234375 633.0792236328125
697.1646728515625 683.0961303710938
528.7908935546875 380.532470703125
544.9202270507812 422.50408935546875
561.7998046875 466.0539855957031
578.7045288085938 510.626220703125
596.0701293945312 556.838623046875
614.2119140625 603.1102905273438
632.5822143554688 651.6759643554688
651.2551879882812 701.2021484375