1 800 1280
453.6271057128906 285.8229675292969
490.425537109375 313.5174865722656
526.7987060546875 340.26287841796875
563.1729125976562 366.337890625
599.0025634765625 392.59515380859375
634.638427734375 418.6689758300781
669.8729858398438 443.7685546875
704.6522827148438 469.88360595703125
428.8182067871094 313.3616638183594
466.7579345703125 340.91900634765625
504.3815612792969 368.7104187011719
541.8052368164062 395.7677917480469
578.9381103515625 423.1982421875
615.2347412109375 449.34393310546875
651.9818725585938 475.59063720703125
687.979736328125 501.3701477050781
402.45672607421875 341.7994689941406
441.5552978515625 371.17938232421875
480.2420959472656 399.76092529296875
518.97314453125 427.4388427734375
557.3084106445312 454.60198974609375
595.1270751953125 482.3482971191406
632.7099609375 508.6826477050781
670.2409057617188 535.334716796875
373.7770690917969 373.450927734375
414.5408630371094 403.0608825683594
455.0393981933594 432.61968994140625
494.85589599609375 460.68408203125
534.967041015625 489.2469787597656
573.5743408203125 517.0193481445312
612.2989501953125 544.279296875
650.371826171875 571.7958984375