1 800 1280
712.0806884765625 290.4195556640625
727.4872436523438 328.02386474609375
744.5214233398438 366.57757568359375
762.5335083007812 406.5067138671875
780.7813720703125 448.9909973144531
800.5496215820312 493.00897216796875
820.431396484375 538.9393920898438
842.8516845703125 587.1090087890625
668.6896362304688 302.11407470703125
684.453125 340.1211242675781
700.5140991210938 379.51116943359375
717.8169555664062 420.23968505859375
735.302734375 463.8775634765625
753.7443237304688 507.7980041503906
773.3952026367188 554.8159790039062
794.2539672851562 603.2269287109375
625.5755615234375 314.0184020996094
640.4190063476562 352.6230163574219
655.8134765625 392.8426208496094
672.0676879882812 434.2624206542969
688.7495727539062 477.7269592285156
706.4434204101562 523.4072875976562
725.4562377929688 570.354248046875
745.1780395507812 620.1221923828125
581.977294921875 326.8941955566406
595.8704833984375 365.3551940917969
610.5489501953125 405.90130615234375
625.9097900390625 448.2908935546875
641.4924926757812 492.9938659667969
658.552001953125 538.6248168945312
676.1534423828125 587.3846435546875
694.2757568359375 637.4307861328125