1 800 1280
289.6540832519531 311.5870666503906
334.1070251464844 341.1742248535156
376.1065979003906 369.09808349609375
415.59027099609375 395.4096374511719
453.2898864746094 420.5285949707031
488.8010559082031 444.55059814453125
522.678955078125 466.9646911621094
554.9137573242188 488.68267822265625
258.9156494140625 354.0730285644531
304.0625305175781 382.43939208984375
346.9903869628906 409.0579528808594
387.52203369140625 434.36785888671875
425.94976806640625 458.75958251953125
462.2445983886719 481.3018798828125
497.0199890136719 503.3204040527344
530.2154541015625 524.08837890625
227.66371154785156 396.4789733886719
273.645263671875 423.6098937988281
317.5006103515625 449.4612731933594
358.7532653808594 473.60699462890625
398.318359375 497.0350036621094
435.62933349609375 518.772705078125
471.09429931640625 539.7396850585938
504.90362548828125 559.8367919921875
195.33999633789062 439.43731689453125
242.3123016357422 465.2608642578125
287.8127136230469 490.1380615234375
329.9715576171875 513.3233642578125
370.8555908203125 536.0741577148438
408.56689453125 556.3870849609375
444.6539001464844 576.509033203125
478.6734924316406 596.3350830078125