1 800 1280
468.4000244140625 338.26373291015625
483.8590393066406 371.75714111328125
499.2613220214844 404.62823486328125
514.359130859375 437.224853515625
529.3720703125 469.531982421875
544.2538452148438 501.7975158691406
558.8482055664062 533.5709838867188
573.3399047851562 565.4691772460938
434.6421813964844 353.2919006347656
450.27276611328125 386.4607849121094
466.0924377441406 419.6361389160156
481.5547790527344 452.22186279296875
496.5510559082031 485.0646057128906
511.7037658691406 516.7088623046875
526.5128173828125 548.8761596679688
541.362060546875 580.5180053710938
400.7113952636719 368.052490234375
416.8951416015625 401.59124755859375
432.4041442871094 434.673828125
448.1712951660156 467.264404296875
463.8024597167969 499.9552001953125
479.1166687011719 532.2748413085938
494.06146240234375 564.0682373046875
508.85052490234375 596.3892822265625
366.3148498535156 383.15496826171875
382.8407897949219 416.5256652832031
399.0160217285156 449.9743347167969
414.5640869140625 482.5404357910156
430.3283386230469 515.5366821289062
445.77789306640625 547.5852661132812
461.0585632324219 579.6060791015625
475.80340576171875 611.5071411132812