1 800 1280
469.20281982421875 333.04302978515625
528.7579956054688 335.6011962890625
588.5549926757812 338.1143798828125
647.72900390625 341.51458740234375
708.128662109375 344.296142578125
768.31884765625 347.4607849121094
828.3624877929688 351.2672119140625
888.9278564453125 353.4749450683594
475.0381164550781 380.2453308105469
531.747802734375 382.4383544921875
589.1427612304688 384.4176330566406
646.0609741210938 387.4694519042969
703.6650390625 390.52874755859375
761.3964233398438 392.7879943847656
819.2197265625 396.6055908203125
876.93505859375 400.341552734375
479.58160400390625 422.9756164550781
534.996826171875 424.4244079589844
589.6741333007812 426.842529296875
644.4714965820312 429.4200439453125
699.74658203125 432.99664306640625
755.1504516601562 435.16424560546875
810.452392578125 438.8291320800781
866.3225708007812 441.70416259765625
484.67132568359375 461.8964538574219
537.2426147460938 463.395263671875
590.36474609375 465.7590026855469
643.04248046875 468.4615478515625
696.4081420898438 472.0513000488281
749.3988647460938 474.0583190917969
802.5098266601562 476.94061279296875
855.6348266601562 481.5072937011719