1 800 1280
453.353515625 366.4606628417969
524.6538696289062 375.8600158691406
595.5451049804688 385.0962829589844
659.0 398.0
733.3853149414062 405.24853515625
801.2334594726562 414.7373352050781
867.1109008789062 425.63385009765625
933.1737670898438 432.8768005371094
452.4062805175781 417.55078125
519.8538818359375 425.7515869140625
586.9451293945312 433.7973327636719
652.6879272460938 443.03704833984375
718.1588134765625 452.24700927734375
782.631591796875 460.28643798828125
846.2359619140625 469.4664611816406
908.2933959960938 479.7778015136719
450.75970458984375 462.74969482421875
516.0992431640625 469.73345947265625
579.6497802734375 477.4419860839844
642.1873168945312 485.4860534667969
704.6257934570312 494.6192321777344
766.278564453125 502.0180969238281
825.9605712890625 511.4364318847656
887.2672729492188 519.0543212890625
450.4197998046875 503.1787109375
511.8068542480469 509.5165100097656
573.0645751953125 516.7452392578125
632.681396484375 524.383056640625
692.4053344726562 533.2588500976562
751.1417846679688 539.5527954101562
808.9899291992188 547.2594604492188
865.6296997070312 557.02978515625