1 800 1280
429.3036193847656 332.6586608886719
455.5096435546875 359.3848571777344
481.65118408203125 385.0476989746094
507.1392822265625 410.546142578125
532.3324584960938 435.626953125
557.2833251953125 460.8230895996094
581.580078125 484.9210205078125
605.7800903320312 509.4583740234375
402.6062927246094 358.5574645996094
429.25091552734375 384.39422607421875
455.7612609863281 410.3936462402344
481.5657043457031 435.5389099121094
507.076904296875 460.73773193359375
532.1520385742188 485.3437805175781
556.8176879882812 510.1085205078125
581.3425903320312 534.0546264648438
375.85455322265625 383.8121643066406
403.1423034667969 409.871337890625
429.44384765625 435.8128967285156
455.66046142578125 461.09814453125
481.531982421875 485.8863525390625
506.99090576171875 510.6357421875
531.7454833984375 534.8106689453125
556.6351928710938 559.1473999023438
348.84832763671875 409.9425964355469
376.41168212890625 435.52813720703125
403.2618713378906 461.3894348144531
429.48236083984375 486.3797302246094
455.78680419921875 511.7377014160156
481.3739929199219 535.770263671875
506.47418212890625 560.2081909179688
531.2210693359375 584.2367553710938