1 800 1280
675.824951171875 343.0370788574219
677.34765625 386.5073547363281
678.4741821289062 430.54547119140625
679.9674072265625 474.2749328613281
680.8568725585938 519.2011108398438
682.0914916992188 564.3472900390625
683.09033203125 609.77099609375
684.4117431640625 655.8485717773438
632.8994140625 345.4482727050781
634.1719360351562 388.4465026855469
635.5220947265625 431.9554748535156
636.5023193359375 475.752197265625
637.3353271484375 520.0704345703125
638.5678100585938 564.652587890625
639.511474609375 609.65625
640.2062377929688 655.3734741210938
590.9630126953125 347.49066162109375
592.2603149414062 390.54876708984375
593.02294921875 433.66253662109375
594.0809936523438 476.8194580078125
594.671142578125 520.8707885742188
595.7310180664062 565.0866088867188
596.2733154296875 609.67236328125
597.2500610351562 654.8383178710938
549.667236328125 349.9725036621094
550.9450073242188 392.3971252441406
551.6495971679688 435.4209289550781
552.330078125 478.024169921875
552.7237548828125 522.0602416992188
553.667236328125 565.4393310546875
554.2085571289062 609.6497192382812
554.1217041015625 654.021484375