1 800 1280
473.2412109375 265.7206115722656
505.0660095214844 294.8183288574219
536.4351196289062 323.3865966796875
567.4954833984375 351.3251647949219
598.38134765625 379.1972351074219
628.8652954101562 407.0106506347656
658.9935302734375 433.7596740722656
688.8130493164062 461.28076171875
445.0391540527344 295.11614990234375
477.0301513671875 323.8917541503906
509.22369384765625 352.8895568847656
540.7074584960938 381.1141357421875
572.1270751953125 409.4687194824219
602.8350219726562 436.7733459472656
633.7203979492188 464.59820556640625
664.324951171875 491.5020751953125
415.78497314453125 324.6178283691406
448.84979248046875 354.2202453613281
481.052490234375 383.4449157714844
513.2403564453125 411.8700256347656
545.1671142578125 439.81463623046875
576.6842041015625 468.0286865234375
607.799560546875 495.419677734375
638.8250122070312 522.875244140625
385.586181640625 355.9763488769531
418.86199951171875 385.16082763671875
452.5072326660156 414.73114013671875
484.9659423828125 443.2344665527344
517.7594604492188 472.0727233886719
549.4402465820312 499.6760559082031
581.0924682617188 527.6304321289062
612.1985473632812 555.4244384765625