1 800 1280
742.9365844726562 374.98846435546875
746.3968505859375 417.6947937011719
750.2520141601562 459.6377868652344
754.3054809570312 502.0285339355469
758.1610107421875 543.8375854492188
762.240234375 585.5418090820312
766.0455322265625 627.2274780273438
770.4923095703125 668.9766235351562
699.7831420898438 379.36480712890625
704.0245361328125 421.86114501953125
707.9524536132812 464.24481201171875
712.1004638671875 506.4718933105469
716.2732543945312 548.3847045898438
720.471923828125 589.6929321289062
724.2409057617188 631.4735717773438
728.5361938476562 673.058349609375
657.475830078125 383.51727294921875
661.4663696289062 426.343994140625
665.7222290039062 468.4654541015625
670.0827026367188 510.65325927734375
674.001220703125 552.44482421875
678.3607788085938 594.1669921875
682.77392578125 635.8929443359375
686.9558715820312 677.0816040039062
614.9395751953125 387.74383544921875
619.3842163085938 430.5554504394531
623.5579833984375 472.6688537597656
627.9769897460938 514.8401489257812
632.1319580078125 556.9435424804688
636.5506591796875 598.0372314453125
640.893310546875 639.9223022460938
645.1505126953125 681.3692016601562