1 800 1280
551.283447265625 424.7803955078125
586.992919921875 411.7606201171875
623.3814086914062 398.5141906738281
659.921875 384.4867248535156
697.83447265625 370.7019348144531
735.8734130859375 356.27728271484375
775.2191772460938 342.0246276855469
814.61767578125 326.7146301269531
563.9476928710938 461.91314697265625
600.1611938476562 448.78271484375
636.6078491210938 435.584228515625
673.7634887695312 422.3552551269531
711.7786865234375 408.40509033203125
749.913818359375 394.3908996582031
789.1029052734375 380.2695007324219
829.0601806640625 366.2088317871094
576.7997436523438 499.1069641113281
613.383056640625 485.95977783203125
650.2650756835938 473.1224365234375
687.2664184570312 459.7225646972656
725.4459838867188 446.72705078125
764.1106567382812 432.87890625
803.4349365234375 418.9560852050781
843.3341064453125 404.75262451171875
589.9804077148438 535.5498046875
626.5081787109375 523.2996826171875
663.380615234375 510.51873779296875
701.13720703125 497.6925964355469
739.5578002929688 484.64581298828125
778.1696166992188 471.0733642578125
817.6736450195312 457.559814453125
858.0728759765625 443.9402160644531