1 800 1280
458.0 221.0
518.4880981445312 245.72482299804688
577.6074829101562 274.48150634765625
633.4911499023438 302.8341064453125
687.0530395507812 329.6715087890625
738.5272216796875 355.367919921875
786.9376831054688 379.83251953125
828.0 404.0
429.8984375 265.2039489746094
489.8587951660156 292.5687255859375
547.7274780273438 318.78216552734375
601.9771728515625 344.62725830078125
654.3998413085938 369.76336669921875
703.9832763671875 392.6117858886719
751.8802490234375 416.090576171875
797.331787109375 438.04443359375
405.3672180175781 309.7784118652344
464.7433776855469 334.939208984375
520.1546630859375 359.273193359375
573.2267456054688 382.9043884277344
623.8753051757812 406.6334533691406
672.7627563476562 427.8033752441406
718.8541870117188 449.48675537109375
764.0512084960938 469.9918212890625
383.6849670410156 350.6745300292969
440.4315490722656 373.62109375
495.1565246582031 396.3107604980469
546.3226318359375 418.5403747558594
595.95263671875 440.6888732910156
643.364990234375 460.2315368652344
688.8591918945312 480.15234375
731.56640625 499.9928283691406