1 800 1280
463.388671875 238.04722595214844
505.0721435546875 271.591796875
544.447021484375 303.56182861328125
582.351806640625 333.6385803222656
618.4053955078125 362.9561767578125
653.0220336914062 391.0502014160156
686.2015380859375 417.4322509765625
717.9288940429688 443.12298583984375
431.82110595703125 280.70159912109375
474.0330505371094 313.2181701660156
514.6773681640625 344.20294189453125
553.1776733398438 373.6280517578125
590.2799682617188 402.0691223144531
625.359619140625 428.8263854980469
659.4959716796875 455.0335998535156
692.168212890625 480.06439208984375
399.7125549316406 323.4507141113281
443.3105163574219 354.9929504394531
484.3218078613281 385.3123779296875
523.6337280273438 413.7757873535156
561.7658081054688 441.58233642578125
597.8226928710938 467.9612121582031
632.2161254882812 493.00421142578125
665.7587890625 517.3854370117188
367.15496826171875 367.2226867675781
411.302734375 397.1971130371094
453.94488525390625 426.7307434082031
494.18463134765625 454.4847106933594
533.1952514648438 482.0058288574219
569.6102294921875 506.7800598144531
604.8441162109375 531.4337768554688
638.2966918945312 555.451904296875