1 800 1280
642.3908081054688 380.3606262207031
655.6864624023438 420.87933349609375
669.372314453125 462.7230224609375
683.4057006835938 505.1015319824219
697.4387817382812 549.6630249023438
712.5142822265625 596.2333984375
727.71923828125 643.151611328125
743.4779052734375 692.6210327148438
601.8087768554688 396.1517333984375
614.3694458007812 436.3921813964844
627.6279907226562 478.2943420410156
640.7944946289062 520.9231567382812
654.2876586914062 565.1027221679688
668.42822265625 610.7066650390625
682.8734741210938 657.6887817382812
697.5162353515625 706.96240234375
562.045654296875 411.2146911621094
574.52880859375 451.923095703125
586.4759521484375 493.53662109375
599.2037963867188 535.8655395507812
611.622314453125 579.8787841796875
625.225341796875 625.5151977539062
638.4222412109375 672.1881713867188
652.7890014648438 720.7874145507812
523.3969116210938 426.85052490234375
534.792724609375 466.8721618652344
546.6309814453125 508.54840087890625
558.0572509765625 550.7066650390625
570.0167846679688 595.0618286132812
582.724609375 640.0629272460938
595.408447265625 686.5288696289062
607.4479370117188 734.881591796875